0
951
1929
1929
1929
2907
2907
3899
4879
5816
6771
7442
8399
9356
10343
10343
11310
12264
13069
13069
13069
14022
14986
14986
14986
15967
15968
16953
16953
17934
18922
18923
18923
19911
20886
21872
22830
23776
24751
24751
25740
26728
26728
27639
27639
27639
28609
29579
30572
31509
31921
32898
32898
33855
33855
33855
33855
34841
35416
36364
37251
38212
38212
39168
40157
40157
40162
41129
41129
41129
41129
41129
41129
41129
41129
41129
42096
42096
43076
44062
45041
46026
47008
47622
47622
48595
49255
50238
50238
50238
50238
51217
51217
51217
51217
52160
52169
52169
53147
53147
54131
55119
56096
57088
57088
58083
59073
60040
60040
60040
60040
60040
60040
60875
61820
61820
62795
63711
63711
64682
65658
66640
66640
67621
68604
69572
69595
69595
70576
71344
72289
72289
72289
72289
72289
73268
73756
74736
75699
76680
76680
77667
77667
78632
78632
79620
80528
81508
82477
83436
83436
83436
84421
85405
85405
85413
85832
85832
86806
87558
88299
88299
88299
88299
88299
88299
88299
89284
90276
91248
91248
91248
91248
91248
91248
91248
92227
93193
93795
93795
94779
94779
94779
94779
94779
95764
96737
96737
96737
97677
97677
97677
98636
99596
99596
100229
100229
100229
100229
101201
101201
101201
101201
101201
101201
101201
102163
102163
103154
103154
104137
105122
105122
105122
106093
107077
107077
108047
108047
108047
108377
108594
108594
108594
108594
109582
109582
110540
110541
110542
110656
110656
110656
111461
111461
112367
112367
113192
114166
115127
116118
116118
116118
117084
118062
118084
118084
118084
118084
119067
120044
121024
121024
122004
122004
122004
122004
