0
0
0
157
157
157
157
316
498
659
812
812
812
972
975
975
975
1133
1308
1464
1464
1464
1624
1630
1785
1946
1946
1946
1946
2118
2118
2276
2276
2435
2435
2435
2435
2588
2741
2743
2908
2935
3095
3095
3095
3095
3095
3095
3101
3258
3258
3258
3267
3431
3432
3585
3744
3744
3744
3748
3748
3748
3904
3904
3904
4059
4059
4215
4215
4371
4371
4371
4526
4683
4683
4683
4836
4837
5006
5161
5317
5472
5626
5639
5639
5639
5642
5661
5661
5815
5971
5973
6131
6302
6463
6463
6618
6618
6774
6929
7096
7096
7110
7110
7275
7275
7275
7437
7437
7437
7437
7438
7596
7596
7757
7770
7930
8102
8102
8277
8277
8432
8432
8433
8439
8439
8439
8596
8603
8603
8766
8921
8921
9076
9237
9395
9559
9564
9564
9564
9564
9721
9880
9880
9893
10053
10056
10209
10209
10209
10362
10362
10517
10521
10679
10679
10679
10834
10987
10997
11157
11161
11319
11475
11475
11633
11633
11786
11940
11940
11940
11940
12093
12093
12093
12093
12093
12252
12252
12252
12252
12252
12252
12405
12564
12564
12564
12565
12569
12569
12569
12722
12722
