0
1
2
3
4
5
6
7
8
18
19
20
21
22
23
24
25
26
45
46
47
48
49
50
51
52
53
54
55
56
57
58
59
60
61
62
91
108
109
110
111
112
113
114
115
116
119
162
163
164
165
166
167
168
169
170
171
172
173
174
175
176
177
178
179
216
217
218
219
220
221
222
223
224
229
252
253
254
255
256
257
258
259
260
261
262
263
264
265
266
267
268
269
288
289
290
291
292
293
294
295
296
315
316
317
318
319
320
321
322
323
342
343
344
345
346
347
348
349
350
380
405
406
407
408
409
410
411
412
413
459
460
461
462
463
464
465
466
467
486
487
488
489
490
491
492
493
494
558
559
560
561
562
563
564
565
566
0
1
2
3
4
5
6
7
8
17
18
19
20
21
22
23
24
25
26
45
46
47
48
49
50
51
52
53
54
55
56
57
58
59
60
61
62
96
108
109
110
111
112
113
114
115
116
162
163
164
165
166
167
168
169
170
171
172
173
174
175
176
177
178
179
216
217
218
219
220
221
222
223
224
252
253
254
255
256
257
258
259
260
261
262
263
264
265
266
267
268
269
288
289
290
291
292
293
294
295
296
315
316
317
318
319
320
321
322
323
336
337
342
343
344
345
346
347
348
349
350
385
405
406
407
408
409
410
411
412
413
459
460
461
462
463
464
465
466
467
486
487
488
489
490
491
492
493
494
516
558
559
560
561
562
563
564
565
566
0
1
2
3
4
5
6
7
8
9
10
15
18
19
20
21
22
23
24
25
26
45
46
47
48
49
50
51
52
53
54
55
56
57
58
59
60
61
62
93
94
95
108
109
110
111
112
113
114
115
116
162
163
164
165
166
167
168
169
170
171
172
173
174
175
176
177
178
179
216
217
218
219
220
221
222
223
224
226
227
252
253
254
255
256
257
258
259
260
261
262
263
264
265
266
267
268
269
288
289
290
291
292
293
294
295
296
300
301
315
316
317
318
319
320
321
322
323
324
325
326
335
337
342
343
344
345
346
347
348
349
350
360
361
362
373
378
380
389
405
406
407
408
409
410
411
412
413
459
460
461
462
463
464
465
466
467
477
478
479
486
487
488
489
490
491
492
493
494
513
514
515
523
558
559
560
561
562
563
564
565
566
0
1
2
3
4
5
6
7
8
18
19
20
21
22
23
24
25
26
45
46
47
48
49
50
51
52
53
54
55
56
57
58
59
60
61
62
108
109
110
111
112
113
114
115
116
162
163
164
165
166
167
168
169
170
171
172
173
174
175
176
177
178
179
216
217
218
219
220
221
222
223
224
225
227
228
229
230
232
252
253
254
255
256
257
258
259
260
261
262
263
264
265
266
267
268
269
288
289
290
291
292
293
294
295
296
315
316
317
318
319
320
321
322
323
342
343
344
345
346
347
348
349
350
378
379
405
406
407
408
409
410
411
412
413
459
460
461
462
463
464
465
466
467
486
487
488
489
490
491
492
493
494
558
559
560
561
562
563
564
565
566
0
1
2
3
4
5
6
7
8
18
19
20
21
22
23
24
25
26
45
46
47
48
49
50
51
52
53
54
55
56
57
58
59
60
61
62
108
109
110
111
112
113
114
115
116
162
163
164
165
166
167
168
169
170
171
172
173
174
175
176
177
178
179
216
217
218
219
220
221
222
223
224
252
253
254
255
256
257
258
259
260
261
262
263
264
265
266
267
268
269
288
289
290
291
292
293
294
295
296
315
316
317
318
319
320
321
322
323
342
343
344
345
346
347
348
349
350
405
406
407
408
409
410
411
412
413
459
460
461
462
463
464
465
466
467
486
487
488
489
490
491
492
493
494
558
559
560
561
562
563
564
565
566
0
1
2
3
4
5
6
7
8
10
13
18
19
20
21
22
23
24
25
26
45
46
47
48
49
50
51
52
53
54
55
56
57
58
59
60
61
62
73
94
108
109
110
111
112
113
114
115
116
162
163
164
165
166
167
168
169
170
171
172
173
174
175
176
177
178
179
216
217
218
219
220
221
222
223
224
252
253
254
255
256
257
258
259
260
261
262
263
264
265
266
267
268
269
288
289
290
291
292
293
294
295
296
315
316
317
318
319
320
321
322
323
325
328
329
342
343
344
345
346
347
348
349
350
405
406
407
408
409
410
411
412
413
459
460
461
462
463
464
465
466
467
486
487
488
489
490
491
492
493
494
558
559
560
561
562
563
564
565
566
293
347
365
0
1
2
3
4
5
6
7
8
18
19
20
21
22
23
24
25
26
45
46
47
48
49
50
51
52
53
54
55
56
57
58
59
60
61
62
108
109
110
111
112
113
114
115
116
162
163
164
165
166
167
168
169
170
171
172
173
174
175
176
177
178
179
216
217
218
219
220
221
222
223
224
252
253
254
255
256
257
258
259
260
261
262
263
264
265
266
267
268
269
288
289
290
291
292
293
294
295
296
315
316
317
318
319
320
321
322
323
342
343
344
345
346
347
348
349
350
390
391
394
405
406
407
408
409
410
411
412
413
459
460
461
462
463
464
465
466
467
477
478
486
487
488
489
490
491
492
493
494
558
559
560
561
562
563
564
565
566
0
1
2
3
4
5
6
7
8
18
19
20
21
22
23
24
25
26
34
45
46
47
48
49
50
51
52
53
54
55
56
57
58
59
60
61
62
83
85
108
109
110
111
112
113
114
115
116
162
163
164
165
166
167
168
169
170
171
172
173
174
175
176
177
178
179
216
217
218
219
220
221
222
223
224
226
227
232
252
253
254
255
256
257
258
259
260
261
262
263
264
265
266
267
268
269
288
289
290
291
292
293
294
295
296
315
316
317
318
319
320
321
322
323
326
329
330
331
332
342
343
344
345
346
347
348
349
350
363
364
365
366
367
368
405
406
407
408
409
410
411
412
413
459
460
461
462
463
464
465
466
467
486
487
488
489
490
491
492
493
494
516
517
518
519
520
558
559
560
561
562
563
564
565
566
0
1
2
3
4
5
6
7
8
18
19
20
21
22
23
24
25
26
45
46
47
48
49
50
51
52
53
54
55
56
57
58
59
60
61
62
108
109
110
111
112
113
114
115
116
162
163
164
165
166
167
168
169
170
171
172
173
174
175
176
177
178
179
216
217
218
219
220
221
222
223
224
230
252
253
254
255
256
257
258
259
260
261
262
263
264
265
266
267
268
269
288
289
290
291
292
293
294
295
296
315
316
317
318
319
320
321
322
323
342
343
344
345
346
347
348
349
350
368
405
406
407
408
409
410
411
412
413
459
460
461
462
463
464
465
466
467
486
487
488
489
490
491
492
493
494
547
558
559
560
561
562
563
564
565
566
0
1
2
3
4
5
6
7
8
18
19
20
21
22
23
24
25
26
45
46
47
48
49
50
51
52
53
54
55
56
57
58
59
60
61
62
91
108
109
110
111
112
113
114
115
116
162
163
164
165
166
167
168
169
170
171
172
173
174
175
176
177
178
179
216
217
218
219
220
221
222
223
224
229
252
253
254
255
256
257
258
259
260
261
262
263
264
265
266
267
268
269
288
289
290
291
292
293
294
295
296
315
316
317
318
319
320
321
322
323
342
343
344
345
346
347
348
349
350
382
390
391
405
406
407
408
409
410
411
412
413
459
460
461
462
463
464
465
466
467
486
487
488
489
490
491
492
493
494
509
512
558
559
560
561
562
563
564
565
566
172
288
292
450
451
545
0
1
2
3
4
5
6
7
8
18
19
20
21
22
23
24
25
26
45
46
47
48
49
50
51
52
53
54
55
56
57
58
59
60
61
62
108
109
110
111
112
113
114
115
116
162
163
164
165
166
167
168
169
170
171
172
173
174
175
176
177
178
179
216
217
218
219
220
221
222
223
224
252
253
254
255
256
257
258
259
260
261
262
263
264
265
266
267
268
269
274
275
288
289
290
291
292
293
294
295
296
315
316
317
318
319
320
321
322
323
342
343
344
345
346
347
348
349
350
405
406
407
408
409
410
411
412
413
459
460
461
462
463
464
465
466
467
486
487
488
489
490
491
492
493
494
558
559
560
561
562
563
564
565
566
0
1
2
3
4
5
6
7
8
18
19
20
21
22
23
24
25
26
45
46
47
48
49
50
51
52
53
54
55
56
57
58
59
60
61
62
108
109
110
111
112
113
114
115
116
162
163
164
165
166
167
168
169
170
171
172
173
174
175
176
177
178
179
216
217
218
219
220
221
222
223
224
252
253
254
255
256
257
258
259
260
261
262
263
264
265
266
267
268
269
288
289
290
291
292
293
294
295
296
315
316
317
318
319
320
321
322
323
342
343
344
345
346
347
348
349
350
405
406
407
408
409
410
411
412
413
435
437
438
440
459
460
461
462
463
464
465
466
467
478
481
484
486
487
488
489
490
491
492
493
494
558
559
560
561
562
563
564
565
566
571
0
1
2
3
4
5
6
7
8
18
19
20
21
22
23
24
25
26
45
46
47
48
49
50
51
52
53
54
55
56
57
58
59
60
61
62
108
109
110
111
112
113
114
115
116
162
163
164
165
166
167
168
169
170
171
172
173
174
175
176
177
178
179
216
217
218
219
220
221
222
223
224
243
244
245
252
253
254
255
256
257
258
259
260
261
262
263
264
265
266
267
268
269
279
280
281
288
289
290
291
292
293
294
295
296
315
316
317
318
319
320
321
322
323
342
343
344
345
346
347
348
349
350
387
388
391
392
397
405
406
407
408
409
410
411
412
413
432
433
434
436
437
442
459
460
461
462
463
464
465
466
467
486
487
488
489
490
491
492
493
494
531
532
558
559
560
561
562
563
564
565
566
0
1
2
3
4
5
6
7
8
18
19
20
21
22
23
24
25
26
45
46
47
48
49
50
51
52
53
54
55
56
57
58
59
60
61
62
76
79
108
109
110
111
112
113
114
115
116
162
163
164
165
166
167
168
169
170
171
172
173
174
175
176
177
178
179
216
217
218
219
220
221
222
223
224
252
253
254
255
256
257
258
259
260
261
262
263
264
265
266
267
268
269
288
289
290
291
292
293
294
295
296
315
316
317
318
319
320
321
322
323
342
343
344
345
346
347
348
349
350
382
405
406
407
408
409
410
411
412
413
435
437
459
460
461
462
463
464
465
466
467
486
487
488
489
490
491
492
493
494
558
559
560
561
562
563
564
565
566
0
1
2
3
4
5
6
7
8
18
19
20
21
22
23
24
25
26
45
46
47
48
49
50
51
52
53
54
55
56
57
58
59
60
61
62
108
109
110
111
112
113
114
115
116
162
163
164
165
166
167
168
169
170
171
172
173
174
175
176
177
178
179
180
216
217
218
219
220
221
222
223
224
252
253
254
255
256
257
258
259
260
261
262
263
264
265
266
267
268
269
288
289
290
291
292
293
294
295
296
315
316
317
318
319
320
321
322
323
342
343
344
345
346
347
348
349
350
365
366
368
405
406
407
408
409
410
411
412
413
459
460
461
462
463
464
465
466
467
486
487
488
489
490
491
492
493
494
515
519
558
559
560
561
562
563
564
565
566
0
1
2
3
4
5
6
7
8
18
19
20
21
22
23
24
25
26
45
46
47
48
49
50
51
52
53
54
55
56
57
58
59
60
61
62
108
109
110
111
112
113
114
115
116
162
163
164
165
166
167
168
169
170
171
172
173
174
175
176
177
178
179
216
217
218
219
220
221
222
223
224
252
253
254
255
256
257
258
259
260
261
262
263
264
265
266
267
268
269
288
289
290
291
292
293
294
295
296
315
316
317
318
319
320
321
322
323
342
343
344
345
346
347
348
349
350
405
406
407
408
409
410
411
412
413
459
460
461
462
463
464
465
466
467
486
487
488
489
490
491
492
493
494
558
559
560
561
562
563
564
565
566
0
1
2
3
4
5
6
7
8
18
19
20
21
22
23
24
25
26
45
46
47
48
49
50
51
52
53
54
55
56
57
58
59
60
61
62
108
109
110
111
112
113
114
115
116
162
163
164
165
166
167
168
169
170
171
172
173
174
175
176
177
178
179
216
217
218
219
220
221
222
223
224
252
253
254
255
256
257
258
259
260
261
262
263
264
265
266
267
268
269
288
289
290
291
292
293
294
295
296
315
316
317
318
319
320
321
322
323
342
343
344
345
346
347
348
349
350
405
406
407
408
409
410
411
412
413
459
460
461
462
463
464
465
466
467
486
487
488
489
490
491
492
493
494
558
559
560
561
562
563
564
565
566
10
235
0
1
2
3
4
5
6
7
8
18
19
20
21
22
23
24
25
26
45
46
47
48
49
50
51
52
53
54
55
56
57
58
59
60
61
62
108
109
110
111
112
113
114
115
116
162
163
164
165
166
167
168
169
170
171
172
173
174
175
176
177
178
179
216
217
218
219
220
221
222
223
224
252
253
254
255
256
257
258
259
260
261
262
263
264
265
266
267
268
269
273
274
276
277
288
289
290
291
292
293
294
295
296
310
315
316
317
318
319
320
321
322
323
342
343
344
345
346
347
348
349
350
388
391
392
405
406
407
408
409
410
411
412
413
436
438
459
460
461
462
463
464
465
466
467
486
487
488
489
490
491
492
493
494
558
559
560
561
562
563
564
565
566
572
574
9
13
85
88
89
95
155
166
169
172
173
187
210
214
238
264
300
310
313
333
453
457
536
561
562
565
566
0
1
2
3
4
5
6
7
8
18
19
20
21
22
23
24
25
26
45
46
47
48
49
50
51
52
53
54
55
56
57
58
59
60
61
62
108
109
110
111
112
113
114
115
116
162
163
164
165
166
167
168
169
170
171
172
173
174
175
176
177
178
179
216
217
218
219
220
221
222
223
224
252
253
254
255
256
257
258
259
260
261
262
263
264
265
266
267
268
269
288
289
290
291
292
293
294
295
296
315
316
317
318
319
320
321
322
323
325
326
328
329
342
343
344
345
346
347
348
349
350
405
406
407
408
409
410
411
412
413
455
458
459
460
461
462
463
464
465
466
467
486
487
488
489
490
491
492
493
494
523
558
559
560
561
562
563
564
565
566
45
50
414
415
416
561
0
1
2
3
4
5
6
7
8
18
19
20
21
22
23
24
25
26
45
46
47
48
49
50
51
52
53
54
55
56
57
58
59
60
61
62
108
109
110
111
112
113
114
115
116
162
163
164
165
166
167
168
169
170
171
172
173
174
175
176
177
178
179
216
217
218
219
220
221
222
223
224
238
239
241
252
253
254
255
256
257
258
259
260
261
262
263
264
265
266
267
268
269
288
289
290
291
292
293
294
295
296
315
316
317
318
319
320
321
322
323
342
343
344
345
346
347
348
349
350
405
406
407
408
409
410
411
412
413
459
460
461
462
463
464
465
466
467
486
487
488
489
490
491
492
493
494
557
558
559
560
561
562
563
564
565
566
4
240
299
302
414
415
562
563
566
0
1
2
3
4
5
6
7
8
16
18
19
20
21
22
23
24
25
26
45
46
47
48
49
50
51
52
53
54
55
56
57
58
59
60
61
62
108
109
110
111
112
113
114
115
116
162
163
164
165
166
167
168
169
170
171
172
173
174
175
176
177
178
179
216
217
218
219
220
221
222
223
224
252
253
254
255
256
257
258
259
260
261
262
263
264
265
266
267
268
269
288
289
290
291
292
293
294
295
296
315
316
317
318
319
320
321
322
323
342
343
344
345
346
347
348
349
350
353
363
364
365
366
367
368
405
406
407
408
409
410
411
412
413
459
460
461
462
463
464
465
466
467
481
486
487
488
489
490
491
492
493
494
516
520
558
559
560
561
562
563
564
565
566
562
0
1
2
3
4
5
6
7
8
18
19
20
21
22
23
24
25
26
45
46
47
48
49
50
51
52
53
54
55
56
57
58
59
60
61
62
108
109
110
111
112
113
114
115
116
162
163
164
165
166
167
168
169
170
171
172
173
174
175
176
177
178
179
216
217
218
219
220
221
222
223
224
252
253
254
255
256
257
258
259
260
261
262
263
264
265
266
267
268
269
288
289
290
291
292
293
294
295
296
315
316
317
318
319
320
321
322
323
342
343
344
345
346
347
348
349
350
405
406
407
408
409
410
411
412
413
459
460
461
462
463
464
465
466
467
486
487
488
489
490
491
492
493
494
558
559
560
561
562
563
564
565
566
0
1
2
3
4
5
6
7
8
18
19
20
21
22
23
24
25
26
45
46
47
48
49
50
51
52
53
54
55
56
57
58
59
60
61
62
86
108
109
110
111
112
113
114
115
116
162
163
164
165
166
167
168
169
170
171
172
173
174
175
176
177
178
179
181
216
217
218
219
220
221
222
223
224
252
253
254
255
256
257
258
259
260
261
262
263
264
265
266
267
268
269
288
289
290
291
292
293
294
295
296
315
316
317
318
319
320
321
322
323
328
342
343
344
345
346
347
348
349
350
405
406
407
408
409
410
411
412
413
414
415
421
459
460
461
462
463
464
465
466
467
486
487
488
489
490
491
492
493
494
558
559
560
561
562
563
564
565
566
72
227
342
415
0
1
2
3
4
5
6
7
8
18
19
20
21
22
23
24
25
26
45
46
47
48
49
50
51
52
53
54
55
56
57
58
59
60
61
62
76
79
80
108
109
110
111
112
113
114
115
116
162
163
164
165
166
167
168
169
170
171
172
173
174
175
176
177
178
179
216
217
218
219
220
221
222
223
224
252
253
254
255
256
257
258
259
260
261
262
263
264
265
266
267
268
269
288
289
290
291
292
293
294
295
296
315
316
317
318
319
320
321
322
323
342
343
344
345
346
347
348
349
350
405
406
407
408
409
410
411
412
413
459
460
461
462
463
464
465
466
467
486
487
488
489
490
491
492
493
494
558
559
560
561
562
563
564
565
566
0
1
2
3
4
5
6
7
8
18
19
20
21
22
23
24
25
26
38
41
45
46
47
48
49
50
51
52
53
54
55
56
57
58
59
60
61
62
108
109
110
111
112
113
114
115
116
162
163
164
165
166
167
168
169
170
171
172
173
174
175
176
177
178
179
216
217
218
219
220
221
222
223
224
252
253
254
255
256
257
258
259
260
261
262
263
264
265
266
267
268
269
288
289
290
291
292
293
294
295
296
315
316
317
318
319
320
321
322
323
342
343
344
345
346
347
348
349
350
405
406
407
408
409
410
411
412
413
459
460
461
462
463
464
465
466
467
486
487
488
489
490
491
492
493
494
558
559
560
561
562
563
564
565
566
0
1
2
3
4
5
6
7
8
18
19
20
21
22
23
24
25
26
45
46
47
48
49
50
51
52
53
54
55
56
57
58
59
60
61
62
108
109
110
111
112
113
114
115
116
162
163
164
165
166
167
168
169
170
171
172
173
174
175
176
177
178
179
216
217
218
219
220
221
222
223
224
252
253
254
255
256
257
258
259
260
261
262
263
264
265
266
267
268
269
288
289
290
291
292
293
294
295
296
315
316
317
318
319
320
321
322
323
342
343
344
345
346
347
348
349
350
405
406
407
408
409
410
411
412
413
439
459
460
461
462
463
464
465
466
467
471
475
486
487
488
489
490
491
492
493
494
558
559
560
561
562
563
564
565
566
0
1
2
3
4
5
6
7
8
18
19
20
21
22
23
24
25
26
45
46
47
48
49
50
51
52
53
54
55
56
57
58
59
60
61
62
90
108
109
110
111
112
113
114
115
116
162
163
164
165
166
167
168
169
170
171
172
173
174
175
176
177
178
179
216
217
218
219
220
221
222
223
224
252
253
254
255
256
257
258
259
260
261
262
263
264
265
266
267
268
269
288
289
290
291
292
293
294
295
296
315
316
317
318
319
320
321
322
323
328
335
342
343
344
345
346
347
348
349
350
405
406
407
408
409
410
411
412
413
459
460
461
462
463
464
465
466
467
486
487
488
489
490
491
492
493
494
558
559
560
561
562
563
564
565
566
0
1
2
3
4
5
6
7
8
18
19
20
21
22
23
24
25
26
45
46
47
48
49
50
51
52
53
54
55
56
57
58
59
60
61
62
108
109
110
111
112
113
114
115
116
162
163
164
165
166
167
168
169
170
171
172
173
174
175
176
177
178
179
216
217
218
219
220
221
222
223
224
252
253
254
255
256
257
258
259
260
261
262
263
264
265
266
267
268
269
274
288
289
290
291
292
293
294
295
296
315
316
317
318
319
320
321
322
323
342
343
344
345
346
347
348
349
350
405
406
407
408
409
410
411
412
413
459
460
461
462
463
464
465
466
467
486
487
488
489
490
491
492
493
494
509
558
559
560
561
562
563
564
565
566
0
1
2
3
4
5
6
7
8
18
19
20
21
22
23
24
25
26
45
46
47
48
49
50
51
52
53
54
55
56
57
58
59
60
61
62
108
109
110
111
112
113
114
115
116
162
163
164
165
166
167
168
169
170
171
172
173
174
175
176
177
178
179
216
217
218
219
220
221
222
223
224
252
253
254
255
256
257
258
259
260
261
262
263
264
265
266
267
268
269
273
274
288
289
290
291
292
293
294
295
296
315
316
317
318
319
320
321
322
323
342
343
344
345
346
347
348
349
350
391
392
405
406
407
408
409
410
411
412
413
459
460
461
462
463
464
465
466
467
486
487
488
489
490
491
492
493
494
558
559
560
561
562
563
564
565
566
0
1
2
3
4
5
6
7
8
18
19
20
21
22
23
24
25
26
45
46
47
48
49
50
51
52
53
54
55
56
57
58
59
60
61
62
108
109
110
111
112
113
114
115
116
162
163
164
165
166
167
168
169
170
171
172
173
174
175
176
177
178
179
216
217
218
219
220
221
222
223
224
252
253
254
255
256
257
258
259
260
261
262
263
264
265
266
267
268
269
288
289
290
291
292
293
294
295
296
315
316
317
318
319
320
321
322
323
342
343
344
345
346
347
348
349
350
405
406
407
408
409
410
411
412
413
459
460
461
462
463
464
465
466
467
486
487
488
489
490
491
492
493
494
558
559
560
561
562
563
564
565
566
144
0
1
2
3
4
5
6
7
8
18
19
20
21
22
23
24
25
26
45
46
47
48
49
50
51
52
53
54
55
56
57
58
59
60
61
62
67
68
69
70
108
109
110
111
112
113
114
115
116
144
147
149
150
162
163
164
165
166
167
168
169
170
171
172
173
174
175
176
177
178
179
216
217
218
219
220
221
222
223
224
229
230
231
232
237
252
253
254
255
256
257
258
259
260
261
262
263
264
265
266
267
268
269
288
289
290
291
292
293
294
295
296
315
316
317
318
319
320
321
322
323
342
343
344
345
346
347
348
349
350
368
405
406
407
408
409
410
411
412
413
459
460
461
462
463
464
465
466
467
486
487
488
489
490
491
492
493
494
544
547
558
559
560
561
562
563
564
565
566
0
1
2
3
4
5
6
7
8
18
19
20
21
22
23
24
25
26
45
46
47
48
49
50
51
52
53
54
55
56
57
58
59
60
61
62
108
109
110
111
112
113
114
115
116
162
163
164
165
166
167
168
169
170
171
172
173
174
175
176
177
178
179
216
217
218
219
220
221
222
223
224
238
252
253
254
255
256
257
258
259
260
261
262
263
264
265
266
267
268
269
288
289
290
291
292
293
294
295
296
315
316
317
318
319
320
321
322
323
332
342
343
344
345
346
347
348
349
350
405
406
407
408
409
410
411
412
413
459
460
461
462
463
464
465
466
467
486
487
488
489
490
491
492
493
494
558
559
560
561
562
563
564
565
566
0
1
2
3
4
5
6
7
8
18
19
20
21
22
23
24
25
26
45
46
47
48
49
50
51
52
53
54
55
56
57
58
59
60
61
62
108
109
110
111
112
113
114
115
116
162
163
164
165
166
167
168
169
170
171
172
173
174
175
176
177
178
179
216
217
218
219
220
221
222
223
224
252
253
254
255
256
257
258
259
260
261
262
263
264
265
266
267
268
269
275
288
289
290
291
292
293
294
295
296
315
316
317
318
319
320
321
322
323
338
342
343
344
345
346
347
348
349
350
405
406
407
408
409
410
411
412
413
459
460
461
462
463
464
465
466
467
486
487
488
489
490
491
492
493
494
542
558
559
560
561
562
563
564
565
566
0
1
2
3
4
5
6
7
8
18
19
20
21
22
23
24
25
26
45
46
47
48
49
50
51
52
53
54
55
56
57
58
59
60
61
62
91
108
109
110
111
112
113
114
115
116
162
163
164
165
166
167
168
169
170
171
172
173
174
175
176
177
178
179
216
217
218
219
220
221
222
223
224
230
252
253
254
255
256
257
258
259
260
261
262
263
264
265
266
267
268
269
288
289
290
291
292
293
294
295
296
315
316
317
318
319
320
321
322
323
342
343
344
345
346
347
348
349
350
405
406
407
408
409
410
411
412
413
459
460
461
462
463
464
465
466
467
486
487
488
489
490
491
492
493
494
558
559
560
561
562
563
564
565
566
0
1
2
3
4
5
6
7
8
13
18
19
20
21
22
23
24
25
26
45
46
47
48
49
50
51
52
53
54
55
56
57
58
59
60
61
62
108
109
110
111
112
113
114
115
116
162
163
164
165
166
167
168
169
170
171
172
173
174
175
176
177
178
179
216
217
218
219
220
221
222
223
224
252
253
254
255
256
257
258
259
260
261
262
263
264
265
266
267
268
269
288
289
290
291
292
293
294
295
296
315
316
317
318
319
320
321
322
323
342
343
344
345
346
347
348
349
350
405
406
407
408
409
410
411
412
413
459
460
461
462
463
464
465
466
467
486
487
488
489
490
491
492
493
494
558
559
560
561
562
563
564
565
566
5
58
61
172
176
229
265
266
273
331
338
391
392
228
232
331
54
55
56
264
265
266
268
269
274
388
390
391
392
433
434
435
436
438
439
0
1
2
3
4
5
6
7
8
18
19
20
21
22
23
24
25
26
45
46
47
48
49
50
51
52
53
54
55
56
57
58
59
60
61
62
108
109
110
111
112
113
114
115
116
162
163
164
165
166
167
168
169
170
171
172
173
174
175
176
177
178
179
216
217
218
219
220
221
222
223
224
252
253
254
255
256
257
258
259
260
261
262
263
264
265
266
267
268
269
288
289
290
291
292
293
294
295
296
315
316
317
318
319
320
321
322
323
342
343
344
345
346
347
348
349
350
405
406
407
408
409
410
411
412
413
459
460
461
462
463
464
465
466
467
472
486
487
488
489
490
491
492
493
494
558
559
560
561
562
563
564
565
566
0
1
2
3
4
5
6
7
8
18
19
20
21
22
23
24
25
26
45
46
47
48
49
50
51
52
53
54
55
56
57
58
59
60
61
62
108
109
110
111
112
113
114
115
116
162
163
164
165
166
167
168
169
170
171
172
173
174
175
176
177
178
179
216
217
218
219
220
221
222
223
224
230
252
253
254
255
256
257
258
259
260
261
262
263
264
265
266
267
268
269
288
289
290
291
292
293
294
295
296
315
316
317
318
319
320
321
322
323
342
343
344
345
346
347
348
349
350
379
405
406
407
408
409
410
411
412
413
459
460
461
462
463
464
465
466
467
486
487
488
489
490
491
492
493
494
528
558
559
560
561
562
563
564
565
566
13
288
0
1
2
3
4
5
6
7
8
18
19
20
21
22
23
24
25
26
45
46
47
48
49
50
51
52
53
54
55
56
57
58
59
60
61
62
108
109
110
111
112
113
114
115
116
156
162
163
164
165
166
167
168
169
170
171
172
173
174
175
176
177
178
179
199
216
217
218
219
220
221
222
223
224
252
253
254
255
256
257
258
259
260
261
262
263
264
265
266
267
268
269
288
289
290
291
292
293
294
295
296
315
316
317
318
319
320
321
322
323
329
337
342
343
344
345
346
347
348
349
350
385
405
406
407
408
409
410
411
412
413
459
460
461
462
463
464
465
466
467
486
487
488
489
490
491
492
493
494
558
559
560
561
562
563
564
565
566
0
1
2
3
4
5
6
7
8
10
18
19
20
21
22
23
24
25
26
45
46
47
48
49
50
51
52
53
54
55
56
57
58
59
60
61
62
73
79
108
109
110
111
112
113
114
115
116
162
163
164
165
166
167
168
169
170
171
172
173
174
175
176
177
178
179
216
217
218
219
220
221
222
223
224
252
253
254
255
256
257
258
259
260
261
262
263
264
265
266
267
268
269
288
289
290
291
292
293
294
295
296
299
315
316
317
318
319
320
321
322
323
338
342
343
344
345
346
347
348
349
350
354
355
356
362
368
383
405
406
407
408
409
410
411
412
413
459
460
461
462
463
464
465
466
467
482
486
487
488
489
490
491
492
493
494
513
515
519
520
521
523
558
559
560
561
562
563
564
565
566
0
1
2
3
4
5
6
7
8
18
19
20
21
22
23
24
25
26
45
46
47
48
49
50
51
52
53
54
55
56
57
58
59
60
61
62
108
109
110
111
112
113
114
115
116
162
163
164
165
166
167
168
169
170
171
172
173
174
175
176
177
178
179
216
217
218
219
220
221
222
223
224
244
252
253
254
255
256
257
258
259
260
261
262
263
264
265
266
267
268
269
280
288
289
290
291
292
293
294
295
296
315
316
317
318
319
320
321
322
323
342
343
344
345
346
347
348
349
350
405
406
407
408
409
410
411
412
413
442
459
460
461
462
463
464
465
466
467
469
471
472
486
487
488
489
490
491
492
493
494
505
532
558
559
560
561
562
563
564
565
566
0
1
2
3
4
5
6
7
8
18
19
20
21
22
23
24
25
26
45
46
47
48
49
50
51
52
53
54
55
56
57
58
59
60
61
62
108
109
110
111
112
113
114
115
116
162
163
164
165
166
167
168
169
170
171
172
173
174
175
176
177
178
179
216
217
218
219
220
221
222
223
224
252
253
254
255
256
257
258
259
260
261
262
263
264
265
266
267
268
269
277
288
289
290
291
292
293
294
295
296
315
316
317
318
319
320
321
322
323
342
343
344
345
346
347
348
349
350
405
406
407
408
409
410
411
412
413
459
460
461
462
463
464
465
466
467
472
486
487
488
489
490
491
492
493
494
558
559
560
561
562
563
564
565
566
0
1
2
3
4
5
6
7
8
18
19
20
21
22
23
24
25
26
45
46
47
48
49
50
51
52
53
54
55
56
57
58
59
60
61
62
108
109
110
111
112
113
114
115
116
162
163
164
165
166
167
168
169
170
171
172
173
174
175
176
177
178
179
216
217
218
219
220
221
222
223
224
229
252
253
254
255
256
257
258
259
260
261
262
263
264
265
266
267
268
269
288
289
290
291
292
293
294
295
296
315
316
317
318
319
320
321
322
323
331
342
343
344
345
346
347
348
349
350
405
406
407
408
409
410
411
412
413
459
460
461
462
463
464
465
466
467
486
487
488
489
490
491
492
493
494
525
558
559
560
561
562
563
564
565
566
0
1
2
3
4
5
6
7
8
18
19
20
21
22
23
24
25
26
45
46
47
48
49
50
51
52
53
54
55
56
57
58
59
60
61
62
108
109
110
111
112
113
114
115
116
162
163
164
165
166
167
168
169
170
171
172
173
174
175
176
177
178
179
216
217
218
219
220
221
222
223
224
252
253
254
255
256
257
258
259
260
261
262
263
264
265
266
267
268
269
288
289
290
291
292
293
294
295
296
315
316
317
318
319
320
321
322
323
331
342
343
344
345
346
347
348
349
350
405
406
407
408
409
410
411
412
413
436
459
460
461
462
463
464
465
466
467
486
487
488
489
490
491
492
493
494
558
559
560
561
562
563
564
565
566
0
1
2
3
4
5
6
7
8
18
19
20
21
22
23
24
25
26
45
46
47
48
49
50
51
52
53
54
55
56
57
58
59
60
61
62
108
109
110
111
112
113
114
115
116
162
163
164
165
166
167
168
169
170
171
172
173
174
175
176
177
178
179
216
217
218
219
220
221
222
223
224
252
253
254
255
256
257
258
259
260
261
262
263
264
265
266
267
268
269
274
276
277
288
289
290
291
292
293
294
295
296
315
316
317
318
319
320
321
322
323
342
343
344
345
346
347
348
349
350
388
390
391
392
405
406
407
408
409
410
411
412
413
433
434
435
436
437
438
439
459
460
461
462
463
464
465
466
467
486
487
488
489
490
491
492
493
494
558
559
560
561
562
563
564
565
566
9
19
68
102
109
145
234
298
338
359
382
415
468
558
0
1
2
3
4
5
6
7
8
11
12
18
19
20
21
22
23
24
25
26
45
46
47
48
49
50
51
52
53
54
55
56
57
58
59
60
61
62
86
102
108
109
110
111
112
113
114
115
116
162
163
164
165
166
167
168
169
170
171
172
173
174
175
176
177
178
179
182
184
186
216
217
218
219
220
221
222
223
224
252
253
254
255
256
257
258
259
260
261
262
263
264
265
266
267
268
269
288
289
290
291
292
293
294
295
296
315
316
317
318
319
320
321
322
323
326
342
343
344
345
346
347
348
349
350
367
405
406
407
408
409
410
411
412
413
423
459
460
461
462
463
464
465
466
467
486
487
488
489
490
491
492
493
494
525
526
558
559
560
561
562
563
564
565
566
0
1
2
3
4
5
6
7
8
10
18
19
20
21
22
23
24
25
26
45
46
47
48
49
50
51
52
53
54
55
56
57
58
59
60
61
62
108
109
110
111
112
113
114
115
116
162
163
164
165
166
167
168
169
170
171
172
173
174
175
176
177
178
179
216
217
218
219
220
221
222
223
224
235
252
253
254
255
256
257
258
259
260
261
262
263
264
265
266
267
268
269
288
289
290
291
292
293
294
295
296
315
316
317
318
319
320
321
322
323
342
343
344
345
346
347
348
349
350
387
388
389
391
397
405
406
407
408
409
410
411
412
413
459
460
461
462
463
464
465
466
467
484
485
486
487
488
489
490
491
492
493
494
558
559
560
561
562
563
564
565
566
14
0
1
2
3
4
5
6
7
8
18
19
20
21
22
23
24
25
26
45
46
47
48
49
50
51
52
53
54
55
56
57
58
59
60
61
62
108
109
110
111
112
113
114
115
116
162
163
164
165
166
167
168
169
170
171
172
173
174
175
176
177
178
179
216
217
218
219
220
221
222
223
224
252
253
254
255
256
257
258
259
260
261
262
263
264
265
266
267
268
269
271
288
289
290
291
292
293
294
295
296
315
316
317
318
319
320
321
322
323
334
335
342
343
344
345
346
347
348
349
350
387
388
405
406
407
408
409
410
411
412
413
459
460
461
462
463
464
465
466
467
486
487
488
489
490
491
492
493
494
558
559
560
561
562
563
564
565
566
0
1
2
3
4
5
6
7
8
18
19
20
21
22
23
24
25
26
45
46
47
48
49
50
51
52
53
54
55
56
57
58
59
60
61
62
108
109
110
111
112
113
114
115
116
162
163
164
165
166
167
168
169
170
171
172
173
174
175
176
177
178
179
216
217
218
219
220
221
222
223
224
252
253
254
255
256
257
258
259
260
261
262
263
264
265
266
267
268
269
280
288
289
290
291
292
293
294
295
296
315
316
317
318
319
320
321
322
323
342
343
344
345
346
347
348
349
350
392
405
406
407
408
409
410
411
412
413
433
437
440
442
459
460
461
462
463
464
465
466
467
469
472
486
487
488
489
490
491
492
493
494
558
559
560
561
562
563
564
565
566
82
83
235
236
238
289
299
301
351
352
515
516
562
0
1
2
3
4
5
6
7
8
18
19
20
21
22
23
24
25
26
45
46
47
48
49
50
51
52
53
54
55
56
57
58
59
60
61
62
96
108
109
110
111
112
113
114
115
116
146
162
163
164
165
166
167
168
169
170
171
172
173
174
175
176
177
178
179
216
217
218
219
220
221
222
223
224
237
252
253
254
255
256
257
258
259
260
261
262
263
264
265
266
267
268
269
288
289
290
291
292
293
294
295
296
315
316
317
318
319
320
321
322
323
328
329
331
332
342
343
344
345
346
347
348
349
350
405
406
407
408
409
410
411
412
413
459
460
461
462
463
464
465
466
467
486
487
488
489
490
491
492
493
494
558
559
560
561
562
563
564
565
566
0
1
2
3
4
5
6
7
8
18
19
20
21
22
23
24
25
26
33
45
46
47
48
49
50
51
52
53
54
55
56
57
58
59
60
61
62
93
96
108
109
110
111
112
113
114
115
116
122
123
125
144
148
162
163
164
165
166
167
168
169
170
171
172
173
174
175
176
177
178
179
186
212
213
216
217
218
219
220
221
222
223
224
233
252
253
254
255
256
257
258
259
260
261
262
263
264
265
266
267
268
269
288
289
290
291
292
293
294
295
296
315
316
317
318
319
320
321
322
323
331
342
343
344
345
346
347
348
349
350
376
377
380
405
406
407
408
409
410
411
412
413
414
417
420
459
460
461
462
463
464
465
466
467
486
487
488
489
490
491
492
493
494
558
559
560
561
562
563
564
565
566
0
1
2
3
4
5
6
7
8
18
19
20
21
22
23
24
25
26
45
46
47
48
49
50
51
52
53
54
55
56
57
58
59
60
61
62
63
64
67
69
70
71
108
109
110
111
112
113
114
115
116
162
163
164
165
166
167
168
169
170
171
172
173
174
175
176
177
178
179
216
217
218
219
220
221
222
223
224
225
226
227
228
229
231
232
233
234
237
252
253
254
255
256
257
258
259
260
261
262
263
264
265
266
267
268
269
288
289
290
291
292
293
294
295
296
315
316
317
318
319
320
321
322
323
342
343
344
345
346
347
348
349
350
363
368
379
382
383
385
405
406
407
408
409
410
411
412
413
459
460
461
462
463
464
465
466
467
486
487
488
489
490
491
492
493
494
558
559
560
561
562
563
564
565
566
0
1
2
3
4
5
6
7
8
18
19
20
21
22
23
24
25
26
45
46
47
48
49
50
51
52
53
54
55
56
57
58
59
60
61
62
108
109
110
111
112
113
114
115
116
162
163
164
165
166
167
168
169
170
171
172
173
174
175
176
177
178
179
216
217
218
219
220
221
222
223
224
252
253
254
255
256
257
258
259
260
261
262
263
264
265
266
267
268
269
275
288
289
290
291
292
293
294
295
296
315
316
317
318
319
320
321
322
323
342
343
344
345
346
347
348
349
350
389
405
406
407
408
409
410
411
412
413
459
460
461
462
463
464
465
466
467
486
487
488
489
490
491
492
493
494
558
559
560
561
562
563
564
565
566
562
234
263
414
416
460
558
0
1
2
3
4
5
6
7
8
18
19
20
21
22
23
24
25
26
45
46
47
48
49
50
51
52
53
54
55
56
57
58
59
60
61
62
108
109
110
111
112
113
114
115
116
162
163
164
165
166
167
168
169
170
171
172
173
174
175
176
177
178
179
216
217
218
219
220
221
222
223
224
252
253
254
255
256
257
258
259
260
261
262
263
264
265
266
267
268
269
288
289
290
291
292
293
294
295
296
315
316
317
318
319
320
321
322
323
342
343
344
345
346
347
348
349
350
360
372
405
406
407
408
409
410
411
412
413
459
460
461
462
463
464
465
466
467
486
487
488
489
490
491
492
493
494
513
525
558
559
560
561
562
563
564
565
566
10
292
416
436
437
564
565
0
1
2
3
4
5
6
7
8
16
18
19
20
21
22
23
24
25
26
34
45
46
47
48
49
50
51
52
53
54
55
56
57
58
59
60
61
62
108
109
110
111
112
113
114
115
116
162
163
164
165
166
167
168
169
170
171
172
173
174
175
176
177
178
179
216
217
218
219
220
221
222
223
224
252
253
254
255
256
257
258
259
260
261
262
263
264
265
266
267
268
269
288
289
290
291
292
293
294
295
296
315
316
317
318
319
320
321
322
323
341
342
343
344
345
346
347
348
349
350
380
405
406
407
408
409
410
411
412
413
435
436
437
445
459
460
461
462
463
464
465
466
467
472
473
486
487
488
489
490
491
492
493
494
558
559
560
561
562
563
564
565
566
0
1
2
3
4
5
6
7
8
15
16
18
19
20
21
22
23
24
25
26
45
46
47
48
49
50
51
52
53
54
55
56
57
58
59
60
61
62
108
109
110
111
112
113
114
115
116
162
163
164
165
166
167
168
169
170
171
172
173
174
175
176
177
178
179
216
217
218
219
220
221
222
223
224
252
253
254
255
256
257
258
259
260
261
262
263
264
265
266
267
268
269
288
289
290
291
292
293
294
295
296
315
316
317
318
319
320
321
322
323
342
343
344
345
346
347
348
349
350
405
406
407
408
409
410
411
412
413
459
460
461
462
463
464
465
466
467
486
487
488
489
490
491
492
493
494
558
559
560
561
562
563
564
565
566
0
1
2
3
4
5
6
7
8
18
19
20
21
22
23
24
25
26
45
46
47
48
49
50
51
52
53
54
55
56
57
58
59
60
61
62
108
109
110
111
112
113
114
115
116
162
163
164
165
166
167
168
169
170
171
172
173
174
175
176
177
178
179
188
216
217
218
219
220
221
222
223
224
240
252
253
254
255
256
257
258
259
260
261
262
263
264
265
266
267
268
269
288
289
290
291
292
293
294
295
296
315
316
317
318
319
320
321
322
323
342
343
344
345
346
347
348
349
350
405
406
407
408
409
410
411
412
413
459
460
461
462
463
464
465
466
467
486
487
488
489
490
491
492
493
494
558
559
560
561
562
563
564
565
566
0
1
2
3
4
5
6
7
8
18
19
20
21
22
23
24
25
26
45
46
47
48
49
50
51
52
53
54
55
56
57
58
59
60
61
62
108
109
110
111
112
113
114
115
116
162
163
164
165
166
167
168
169
170
171
172
173
174
175
176
177
178
179
216
217
218
219
220
221
222
223
224
252
253
254
255
256
257
258
259
260
261
262
263
264
265
266
267
268
269
274
277
288
289
290
291
292
293
294
295
296
315
316
317
318
319
320
321
322
323
342
343
344
345
346
347
348
349
350
388
390
391
392
395
405
406
407
408
409
410
411
412
413
438
459
460
461
462
463
464
465
466
467
486
487
488
489
490
491
492
493
494
558
559
560
561
562
563
564
565
566
0
1
2
3
4
5
6
7
8
18
19
20
21
22
23
24
25
26
45
46
47
48
49
50
51
52
53
54
55
56
57
58
59
60
61
62
77
80
108
109
110
111
112
113
114
115
116
162
163
164
165
166
167
168
169
170
171
172
173
174
175
176
177
178
179
216
217
218
219
220
221
222
223
224
252
253
254
255
256
257
258
259
260
261
262
263
264
265
266
267
268
269
274
288
289
290
291
292
293
294
295
296
315
316
317
318
319
320
321
322
323
342
343
344
345
346
347
348
349
350
405
406
407
408
409
410
411
412
413
455
459
460
461
462
463
464
465
466
467
486
487
488
489
490
491
492
493
494
512
558
559
560
561
562
563
564
565
566
0
1
2
3
4
5
6
7
8
12
18
19
20
21
22
23
24
25
26
45
46
47
48
49
50
51
52
53
54
55
56
57
58
59
60
61
62
108
109
110
111
112
113
114
115
116
162
163
164
165
166
167
168
169
170
171
172
173
174
175
176
177
178
179
216
217
218
219
220
221
222
223
224
228
231
232
252
253
254
255
256
257
258
259
260
261
262
263
264
265
266
267
268
269
288
289
290
291
292
293
294
295
296
298
302
304
315
316
317
318
319
320
321
322
323
334
335
337
338
342
343
344
345
346
347
348
349
350
405
406
407
408
409
410
411
412
413
459
460
461
462
463
464
465
466
467
486
487
488
489
490
491
492
493
494
558
559
560
561
562
563
564
565
566
57
60
222
440
508
0
1
3
6
15
18
19
20
21
22
23
24
25
26
45
46
47
48
49
50
51
52
53
54
55
56
57
58
59
60
61
62
108
109
110
111
112
113
114
115
116
162
163
164
165
166
167
168
169
170
171
173
174
175
176
177
178
179
216
217
218
219
220
221
222
223
224
232
252
253
254
255
256
257
258
259
260
261
262
264
265
266
267
268
269
288
289
290
291
292
293
294
295
296
303
315
316
317
318
319
320
321
322
323
337
339
342
343
344
345
346
347
348
349
350
364
379
380
382
405
406
407
408
409
410
411
412
413
422
459
460
461
462
463
464
465
466
467
478
486
487
488
489
490
491
492
493
494
558
559
560
561
562
563
564
565
566
0
1
2
3
4
5
6
7
8
18
19
20
21
22
23
24
25
26
45
46
47
48
49
50
51
52
53
54
55
56
57
58
59
60
61
62
108
109
110
111
112
113
114
115
116
162
163
164
165
166
167
168
169
170
171
172
173
174
175
176
177
178
179
216
217
218
219
220
221
222
223
224
240
252
253
254
255
256
257
258
259
260
261
262
263
264
265
266
267
268
269
288
289
290
291
292
293
294
295
296
315
316
317
318
319
320
321
322
323
342
343
344
345
346
347
348
349
350
405
406
407
408
409
410
411
412
413
436
437
440
459
460
461
462
463
464
465
466
467
486
487
488
489
490
491
492
493
494
508
512
558
559
560
561
562
563
564
565
566
17
118
124
277
278
288
340
341
379
382
393
418
419
0
1
2
3
4
5
6
7
8
18
19
20
21
22
23
24
25
26
45
46
47
48
49
50
51
52
53
54
55
56
57
58
59
60
61
62
108
109
110
111
112
113
114
115
116
162
163
164
165
166
167
168
169
170
171
172
173
174
175
176
177
178
179
216
217
218
219
220
221
222
223
224
226
228
229
230
231
232
233
252
253
254
255
256
257
258
259
260
261
262
263
264
265
266
267
268
269
288
289
290
291
292
293
294
295
296
315
316
317
318
319
320
321
322
323
342
343
344
345
346
347
348
349
350
405
406
407
408
409
410
411
412
413
459
460
461
462
463
464
465
466
467
486
487
488
489
490
491
492
493
494
558
559
560
561
562
563
564
565
566
9
19
328
0
1
2
3
4
5
6
7
8
18
19
20
21
22
23
24
25
26
45
46
47
48
49
50
51
52
53
54
55
56
57
58
59
60
61
62
108
109
110
111
112
113
114
115
116
162
163
164
165
166
167
168
169
170
171
172
173
174
175
176
177
178
179
216
217
218
219
220
221
222
223
224
252
253
254
255
256
257
258
259
260
261
262
263
264
265
266
267
268
269
288
289
290
291
292
293
294
295
296
315
316
317
318
319
320
321
322
323
342
343
344
345
346
347
348
349
350
405
406
407
408
409
410
411
412
413
459
460
461
462
463
464
465
466
467
486
487
488
489
490
491
492
493
494
558
559
560
561
562
563
564
565
566
0
1
2
3
4
5
6
7
8
18
19
20
21
22
23
24
25
26
45
46
47
48
49
50
51
52
53
54
55
56
57
58
59
60
61
62
108
109
110
111
112
113
114
115
116
162
163
164
165
166
167
168
169
170
171
172
173
174
175
176
177
178
179
216
217
218
219
220
221
222
223
224
252
253
254
255
256
257
258
259
260
261
262
263
264
265
266
267
268
269
288
289
290
291
292
293
294
295
296
315
316
317
318
319
320
321
322
323
342
343
344
345
346
347
348
349
350
405
406
407
408
409
410
411
412
413
459
460
461
462
463
464
465
466
467
486
487
488
489
490
491
492
493
494
558
559
560
561
562
563
564
565
566
0
1
2
3
4
5
6
7
8
18
19
20
21
22
23
24
25
26
45
46
47
48
49
50
51
52
53
54
55
56
57
58
59
60
61
62
108
109
110
111
112
113
114
115
116
162
163
164
165
166
167
168
169
170
171
172
173
174
175
176
177
178
179
216
217
218
219
220
221
222
223
224
252
253
254
255
256
257
258
259
260
261
262
263
264
265
266
267
268
269
288
289
290
291
292
293
294
295
296
315
316
317
318
319
320
321
322
323
342
343
344
345
346
347
348
349
350
390
391
405
406
407
408
409
410
411
412
413
459
460
461
462
463
464
465
466
467
486
487
488
489
490
491
492
493
494
558
559
560
561
562
563
564
565
566
75
77
176
177
0
1
2
3
4
5
6
7
8
18
19
20
21
22
23
24
25
26
45
46
47
48
49
50
51
52
53
54
55
56
57
58
59
60
61
62
76
77
108
109
110
111
112
113
114
115
116
162
163
164
165
166
167
168
169
170
171
172
173
174
175
176
177
178
179
216
217
218
219
220
221
222
223
224
252
253
254
255
256
257
258
259
260
261
262
263
264
265
266
267
268
269
288
289
290
291
292
293
294
295
296
315
316
317
318
319
320
321
322
323
327
328
342
343
344
345
346
347
348
349
350
382
405
406
407
408
409
410
411
412
413
459
460
461
462
463
464
465
466
467
486
487
488
489
490
491
492
493
494
558
559
560
561
562
563
564
565
566
0
1
2
3
4
5
6
7
8
18
19
20
21
22
23
24
25
26
45
46
47
48
49
50
51
52
53
54
55
56
57
58
59
60
61
62
108
109
110
111
112
113
114
115
116
162
163
164
165
166
167
168
169
170
171
172
173
174
175
176
177
178
179
216
217
218
219
220
221
222
223
224
252
253
254
255
256
257
258
259
260
261
262
263
264
265
266
267
268
269
288
289
290
291
292
293
294
295
296
315
316
317
318
319
320
321
322
323
342
343
344
345
346
347
348
349
350
393
405
406
407
408
409
410
411
412
413
452
459
460
461
462
463
464
465
466
467
486
487
488
489
490
491
492
493
494
558
559
560
561
562
563
564
565
566
0
1
2
3
4
5
6
7
8
18
19
20
21
22
23
24
25
26
45
46
47
48
49
50
51
52
53
54
55
56
57
58
59
60
61
62
108
109
110
111
112
113
114
115
116
162
163
164
165
166
167
168
169
170
171
172
173
174
175
176
177
178
179
216
217
218
219
220
221
222
223
224
252
253
254
255
256
257
258
259
260
261
262
263
264
265
266
267
268
269
288
289
290
291
292
293
294
295
296
315
316
317
318
319
320
321
322
323
342
343
344
345
346
347
348
349
350
405
406
407
408
409
410
411
412
413
459
460
461
462
463
464
465
466
467
486
487
488
489
490
491
492
493
494
558
559
560
561
562
563
564
565
566
12
92
95
175
231
232
265
268
269
363
0
1
2
3
4
5
6
7
8
18
19
20
21
22
23
24
25
26
35
45
46
47
48
49
50
51
52
53
54
55
56
57
58
59
60
61
62
84
108
109
110
111
112
113
114
115
116
162
163
164
165
166
167
168
169
170
171
172
173
174
175
176
177
178
179
216
217
218
219
220
221
222
223
224
227
230
233
252
253
254
255
256
257
258
259
260
261
262
263
264
265
266
267
268
269
288
289
290
291
292
293
294
295
296
315
316
317
318
319
320
321
322
323
342
343
344
345
346
347
348
349
350
364
367
405
406
407
408
409
410
411
412
413
459
460
461
462
463
464
465
466
467
486
487
488
489
490
491
492
493
494
558
559
560
561
562
563
564
565
566
342
390
480
481
0
1
2
3
4
5
6
7
8
13
14
15
18
19
20
21
22
23
24
25
26
45
46
47
48
49
50
51
52
53
54
55
56
57
58
59
60
61
62
108
109
110
111
112
113
114
115
116
162
163
164
165
166
167
168
169
170
171
172
173
174
175
176
177
178
179
216
217
218
219
220
221
222
223
224
252
253
254
255
256
257
258
259
260
261
262
263
264
265
266
267
268
269
288
289
290
291
292
293
294
295
296
315
316
317
318
319
320
321
322
323
337
342
343
344
345
346
347
348
349
350
379
405
406
407
408
409
410
411
412
413
459
460
461
462
463
464
465
466
467
486
487
488
489
490
491
492
493
494
558
559
560
561
562
563
564
565
566
0
1
2
3
4
5
6
7
8
18
19
20
21
22
23
24
25
26
45
46
47
48
49
50
51
52
53
54
55
56
57
58
59
60
61
62
108
109
110
111
112
113
114
115
116
162
163
164
165
166
167
168
169
170
171
172
173
174
175
176
177
178
179
183
216
217
218
219
220
221
222
223
224
252
253
254
255
256
257
258
259
260
261
262
263
264
265
266
267
268
269
288
289
290
291
292
293
294
295
296
315
316
317
318
319
320
321
322
323
342
343
344
345
346
347
348
349
350
405
406
407
408
409
410
411
412
413
445
459
460
461
462
463
464
465
466
467
472
486
487
488
489
490
491
492
493
494
558
559
560
561
562
563
564
565
566
0
1
2
3
4
5
6
7
8
18
19
20
21
22
23
24
25
26
45
46
47
48
49
50
51
52
53
54
55
56
57
58
59
60
61
62
76
108
109
110
111
112
113
114
115
116
162
163
164
165
166
167
168
169
170
171
172
173
174
175
176
177
178
179
216
217
218
219
220
221
222
223
224
252
253
254
255
256
257
258
259
260
261
262
263
264
265
266
267
268
269
288
289
290
291
292
293
294
295
296
315
316
317
318
319
320
321
322
323
328
337
338
342
343
344
345
346
347
348
349
350
405
406
407
408
409
410
411
412
413
459
460
461
462
463
464
465
466
467
486
487
488
489
490
491
492
493
494
546
558
559
560
561
562
563
564
565
566
0
1
2
3
4
5
6
7
8
18
19
20
21
22
23
24
25
26
45
46
47
48
49
50
51
52
53
54
55
56
57
58
59
60
61
62
108
109
110
111
112
113
114
115
116
162
163
164
165
166
167
168
169
170
171
172
173
174
175
176
177
178
179
216
217
218
219
220
221
222
223
224
252
253
254
255
256
257
258
259
260
261
262
263
264
265
266
267
268
269
288
289
290
291
292
293
294
295
296
315
316
317
318
319
320
321
322
323
342
343
344
345
346
347
348
349
350
405
406
407
408
409
410
411
412
413
459
460
461
462
463
464
465
466
467
486
487
488
489
490
491
492
493
494
558
559
560
561
562
563
564
565
566
0
1
2
3
4
5
6
7
8
18
19
20
21
22
23
24
25
26
45
46
47
48
49
50
51
52
53
54
55
56
57
58
59
60
61
62
108
109
110
111
112
113
114
115
116
162
163
164
165
166
167
168
169
170
171
172
173
174
175
176
177
178
179
216
217
218
219
220
221
222
223
224
252
253
254
255
256
257
258
259
260
261
262
263
264
265
266
267
268
269
288
289
290
291
292
293
294
295
296
315
316
317
318
319
320
321
322
323
342
343
344
345
346
347
348
349
350
405
406
407
408
409
410
411
412
413
458
459
460
461
462
463
464
465
466
467
486
487
488
489
490
491
492
493
494
558
559
560
561
562
563
564
565
566
0
1
2
3
4
5
6
7
8
18
19
20
21
22
23
24
25
26
45
46
47
48
49
50
51
52
53
54
55
56
57
58
59
60
61
62
108
109
110
111
112
113
114
115
116
162
163
164
165
166
167
168
169
170
171
172
173
174
175
176
177
178
179
216
217
218
219
220
221
222
223
224
252
253
254
255
256
257
258
259
260
261
262
263
264
265
266
267
268
269
288
289
290
291
292
293
294
295
296
315
316
317
318
319
320
321
322
323
342
343
344
345
346
347
348
349
350
405
406
407
408
409
410
411
412
413
459
460
461
462
463
464
465
466
467
486
487
488
489
490
491
492
493
494
558
559
560
561
562
563
564
565
566
0
1
2
3
4
5
6
7
8
13
17
18
19
20
21
22
23
24
25
26
45
46
47
48
49
50
51
52
53
54
55
56
57
58
59
60
61
62
108
109
110
111
112
113
114
115
116
162
163
164
165
166
167
168
169
170
171
172
173
174
175
176
177
178
179
199
216
217
218
219
220
221
222
223
224
252
253
254
255
256
257
258
259
260
261
262
263
264
265
266
267
268
269
288
289
290
291
292
293
294
295
296
315
316
317
318
319
320
321
322
323
342
343
344
345
346
347
348
349
350
356
368
405
406
407
408
409
410
411
412
413
453
459
460
461
462
463
464
465
466
467
486
487
488
489
490
491
492
493
494
558
559
560
561
562
563
564
565
566
0
1
2
3
4
5
6
7
8
18
19
20
21
22
23
24
25
26
45
46
47
48
49
50
51
52
53
54
55
56
57
58
59
60
61
62
108
109
110
111
112
113
114
115
116
162
163
164
165
166
167
168
169
170
171
172
173
174
175
176
177
178
179
216
217
218
219
220
221
222
223
224
252
253
254
255
256
257
258
259
260
261
262
263
264
265
266
267
268
269
288
289
290
291
292
293
294
295
296
315
316
317
318
319
320
321
322
323
342
343
344
345
346
347
348
349
350
405
406
407
408
409
410
411
412
413
459
460
461
462
463
464
465
466
467
486
487
488
489
490
491
492
493
494
558
559
560
561
562
563
564
565
566
0
1
2
3
4
5
6
7
8
18
19
20
21
22
23
24
25
26
45
46
47
48
49
50
51
52
53
54
55
56
57
58
59
60
61
62
108
109
110
111
112
113
114
115
116
162
163
164
165
166
167
168
169
170
171
172
173
174
175
176
177
178
179
216
217
218
219
220
221
222
223
224
225
228
229
230
231
232
252
253
254
255
256
257
258
259
260
261
262
263
264
265
266
267
268
269
288
289
290
291
292
293
294
295
296
315
316
317
318
319
320
321
322
323
342
343
344
345
346
347
348
349
350
405
406
407
408
409
410
411
412
413
459
460
461
462
463
464
465
466
467
486
487
488
489
490
491
492
493
494
558
559
560
561
562
563
564
565
566
0
10
184
227
334
0
1
2
3
4
5
6
7
8
18
19
20
21
22
23
24
25
26
45
46
47
48
49
50
51
52
53
54
55
56
57
58
59
60
61
62
108
109
110
111
112
113
114
115
116
162
163
164
165
166
167
168
169
170
171
172
173
174
175
176
177
178
179
216
217
218
219
220
221
222
223
224
252
253
254
255
256
257
258
259
260
261
262
263
264
265
266
267
268
269
288
289
290
291
292
293
294
295
296
315
316
317
318
319
320
321
322
323
342
343
344
345
346
347
348
349
350
405
406
407
408
409
410
411
412
413
459
460
461
462
463
464
465
466
467
486
487
488
489
490
491
492
493
494
558
559
560
561
562
563
564
565
566
