-2.889594137668609619e-01
-2.267607115209102631e-02
-1.009409315884113312e-02
-1.126178726553916931e-01
-1.953148655593395233e-02
3.418794646859169006e-02
-2.693759510293602943e-03
-1.201833933591842651e-01
-8.790487796068191528e-02
-9.350499138236045837e-03
-1.716883629560470581e-01
-1.474965922534465790e-02
1.762670231983065605e-03
-1.124423220753669739e-01
-3.103506565093994141e-02
-4.026352986693382263e-02
-7.840003073215484619e-02
-1.015715375542640686e-01
-8.347179740667343140e-03
-8.354495465755462646e-02
-4.713258892297744751e-02
-1.848550885915756226e-02
-2.552542462944984436e-02
-1.300822943449020386e-01
3.501494601368904114e-02
-9.270170331001281738e-02
-6.296759843826293945e-02
-1.127734314650297165e-02
3.636039094999432564e-03
-3.870672546327114105e-03
-1.326219644397497177e-02
-7.967372424900531769e-03
-4.006514325737953186e-02
-1.191738322377204895e-01
-2.931691519916057587e-02
8.167452365159988403e-02
-7.970935106277465820e-02
-8.313914388418197632e-02
-3.272756189107894897e-02
-2.025753706693649292e-01
-2.963428385555744171e-02
-1.595086455345153809e-01
-1.378702372312545776e-01
-1.574530079960823059e-02
-8.244547061622142792e-03
3.790425136685371399e-02
-1.283805519342422485e-01
-1.663592085242271423e-02
-9.252675808966159821e-03
-8.561850525438785553e-03
-9.705715626478195190e-02
-5.501015111804008484e-03
-5.578138399869203568e-03
-3.989427909255027771e-02
1.596718281507492065e-02
-3.471049247309565544e-03
-9.629089385271072388e-03
-8.538866788148880005e-02
-7.933946326375007629e-03
-9.365314617753028870e-03
-2.683739736676216125e-02
-1.531269997358322144e-01
-1.392583847045898438e-01
-1.724428683519363403e-02
