0.013601
0.015218
0.053536
-0.026762
-0.023405
0.032616
-0.332148
-0.035447
0.011259
-0.018307
-0.022881
0.003557
-0.046489
-0.045591
-0.002612
-0.042814
-0.045608
-0.010790
-0.004752
-0.008683
0.008829
-0.029465
-0.029995
0.004916
-0.026186
-0.032313
0.000361
-0.025987
-0.013591
-0.000061
0.028719
0.278316
0.025611
0.048413
0.016729
0.002844
-0.059271
-0.036069
-0.040154
0.003051
-0.017762
-0.011048
0.012553
-0.012359
-0.045737
0.020422
0.055707
0.055574
0.060166
0.036473
0.052953
0.050660
0.020989
-0.019157
-0.058973
-0.021283
-0.022469
-0.058366
-0.015459
-0.005904
-0.073268
-0.056892
-0.047991
-0.031317
-0.000044
-0.031830
0.004834
0.041511
0.013398
-0.038918
-0.035267
-0.057917
-0.014007
0.036467
-0.007926
0.411817
0.097989
0.053745
-0.005450
0.009711
-0.028363
0.050120
0.018734
0.025313
0.067607
0.066959
0.028866
0.053804
0.082121
0.012826
-0.024767
-0.073407
-0.061071
-0.004386
-0.021338
-0.396319
0.003873
0.012319
-0.050677
0.031739
-0.014566
-0.012447
0.039409
0.017609
-0.013297
0.051393
0.055593
-0.003278
-0.034285
-0.383870
-0.025464
0.018266
0.039873
0.011119
0.097737
0.151868
0.083021
-0.054591
-0.076765
-0.039751
-0.006371
0.014783
-0.007463
0.052612
0.105579
0.041763
-0.045253
-0.062469
-0.028563
-0.005300
0.007576
-0.005591
0.033188
0.068624
0.027876
-0.060871
-0.087987
-0.001491
0.106621
0.073839
0.001355
-0.102180
0.020966
0.007647
-0.094610
-0.107765
-0.010161
0.383864
0.066437
-0.006614
-0.161298
0.002371
-0.005876
-0.045679
-0.060664
0.002310
0.097951
0.065859
0.001444
-0.098227
0.014862
0.000030
0.054557
0.101040
0.031741
0.082783
0.060433
-0.021381
-0.001536
-0.043577
-0.033476
0.044063
0.062840
-0.018278
0.044957
0.004448
-0.070438
-0.031183
-0.077963
-0.417062
0.031804
0.057888
0.005800
0.039147
0.015023
-0.037839
-0.018903
-0.050857
-0.037439
0.037829
-0.049317
-0.086580
0.007167
0.001300
-0.038873
-0.046336
0.025641
0.006335
0.374890
-0.040564
-0.092366
0.033114
0.027497
-0.033613
-0.015340
0.051647
0.009673
0.045121
-0.044882
-0.088048
0.018206
-0.004924
-0.056651
-0.017915
0.013212
-0.025486
-0.068673
-0.084935
0.055427
-0.106006
-0.037892
0.117853
-0.063381
0.022196
0.070984
-0.039638
-0.051205
0.075168
-0.072733
-0.013842
0.120383
-0.032936
0.041907
0.078675
-0.032596
-0.045056
0.028794
-0.060484
-0.020570
0.054861
-0.031769
0.021377
0.031383
0.109100
0.079939
0.025753
0.021307
0.032289
0.008802
-0.355952
-0.045155
-0.008756
0.090631
0.071759
0.026013
0.020642
0.037743
0.013477
-0.049750
-0.045536
-0.012077
0.026893
0.004075
-0.024647
0.009374
0.020430
0.005423
-0.036200
-0.029918
-0.004251
-0.142898
-0.089068
-0.024375
-0.088726
0.013166
0.029346
0.342568
0.069042
0.008667
-0.087977
-0.055911
-0.004890
-0.074096
0.010321
0.022351
0.039093
0.069303
-0.008973
-0.039476
-0.017371
0.018231
-0.050132
0.018371
0.030767
0.019661
0.045991
-0.013222
-0.033969
-0.038084
-0.023225
-0.042381
-0.048385
-0.035881
-0.034944
-0.034620
-0.023720
-0.010289
-0.004103
-0.012733
-0.009965
-0.004734
-0.013449
-0.016034
-0.004578
-0.014089
0.041705
0.057582
0.033593
0.055066
0.067650
0.045187
0.039614
0.057893
0.038947
-0.037505
-0.003874
-0.012307
-0.022513
0.033932
0.036764
0.000218
0.376843
0.272484
-0.027386
0.011364
0.017405
-0.089330
-0.031230
-0.010213
-0.084172
-0.040805
-0.055726
0.027132
0.046068
0.047759
-0.081389
-0.049251
-0.031978
-0.096926
-0.073644
-0.095403
0.176894
-0.038525
-0.041085
-0.077079
-0.012278
0.041596
-0.151373
-0.056877
0.270733
-0.037502
-0.017998
-0.012452
-0.080468
-0.000411
0.067883
-0.158715
-0.051543
0.039052
-0.031532
0.004193
0.008256
-0.069521
0.016607
0.073608
-0.143856
-0.038778
0.337572
0.062165
-0.013269
-0.068557
0.090824
-0.008611
-0.102632
0.075625
0.027757
-0.066284
0.030475
-0.060703
-0.121594
0.390130
-0.056335
-0.147916
0.043755
-0.009161
-0.102145
0.067116
-0.006769
-0.067394
0.090277
-0.001395
-0.090930
0.080061
0.034330
-0.055408
0.004139
-0.013170
0.009107
0.013099
0.013116
0.001420
-0.008743
-0.000954
0.023673
-0.041368
-0.062103
-0.068705
-0.001517
-0.000592
-0.056462
-0.027479
-0.007605
-0.020582
-0.000621
-0.022991
-0.048544
0.081004
0.082727
0.008138
0.053249
0.077484
0.051209
-0.020473
0.026823
0.213314
-0.061593
-0.014018
-0.018733
-0.065387
-0.066181
-0.026836
-0.004651
0.062568
0.008362
-0.055199
0.027942
0.031108
-0.073039
-0.041355
0.019163
0.033566
0.107937
0.039724
-0.040829
0.051691
0.341058
-0.079367
-0.034444
0.030483
