0
0
0
1194
2498
2517
2517
2517
2517
2517
2517
2517
2517
2517
3574
4926
4926
4926
5757
5757
5757
5757
5757
6793
8210
8210
9322
10769
10769
10769
10769
10769
10769
10769
10769
10769
10769
12197
12197
13411
14196
14196
14196
15584
15584
16960
18395
18395
18395
19403
20791
20791
21976
22239
23559
23559
23559
24962
24962
26356
26356
27754
29149
29149
30572
30572
31993
31994
31994
31994
31994
31994
31994
33397
33397
34812
36232
37668
39072
39072
40202
41604
43042
43042
44317
44317
45284
46664
46664
48052
48052
48052
49185
49185
50566
50578
51960
53345
53345
54748
55862
55862
56671
58058
58058
58060
58060
59174
59192
60543
61998
63026
63026
63026
64151
65575
65575
66724
68136
69217
69217
69217
69217
69217
70353
70353
71605
72990
72990
72990
72990
72990
72990
72990
74375
74375
75787
77200
77200
77599
79011
80418
81771
83169
83169
83169
84589
85695
85695
85695
85695
85695
86814
86814
86814
86814
86814
88115
88115
88115
88115
89075
90260
91612
91612
91612
91612
93032
93032
94403
94403
94403
95489
96913
98147
98147
98147
99564
99564
99564
100528
100528
101832
101832
103187
104224
104641
104641
104641
104641
104641
104641
104641
104641
104641
106082
106082
106082
107521
107521
108935
108935
108935
108935
110373
111664
112900
112900
114319
115695
115695
115695
115696
115696
116979
117001
118382
118382
118773
120193
121343
122752
122752
124175
125502
126847
128287
129709
131024
131024
132279
132279
133690
133690
133690
133690
134777
136171
136171
137413
138243
138243
138243
138252
139623
139623
139623
139623
141021
141021
142374
142374
142374
142374
142374
143810
145215
