0
717
717
717
1431
1431
1431
2121
2847
3578
4297
4297
4300
5023
5438
5438
5672
5672
5672
6388
6388
7039
7040
7040
7040
7762
7762
7762
8452
8452
9168
9892
9892
9892
9892
10607
10607
11326
12054
12060
12060
12282
12282
12994
12994
12994
12994
12994
13713
14417
14432
14432
14432
15078
15791
16506
16657
16657
17389
17389
18122
18122
18122
18860
18860
19554
19554
19561
19561
20258
20258
20258
20258
20302
20302
20302
20302
20302
21028
21028
21740
22450
22450
22450
22450
22450
22450
22450
22450
22450
23150
23150
23846
23846
23846
23846
23846
24530
25241
25952
25952
26675
26675
27410
28134
28134
28134
28134
28134
28134
28860
29579
29579
29579
30301
30301
31023
31737
31737
31737
32455
32455
32455
32463
32463
33176
33904
33904
34617
34617
34844
35211
35211
35211
35922
36650
37349
38065
38065
38799
38799
39518
39518
40227
40392
41083
41806
41806
42491
42491
42491
43207
43921
43921
44198
44919
45646
46367
46367
47093
47093
47093
47797
48509
49199
49918
50659
51377
51377
51377
52105
52105
52115
52832
52832
53563
53563
54287
55009
55009
55009
55009
55009
55739
55739
56453
57188
57189
57879
57879
57879
57880
57880
58181
58181
58181
58757
58757
58765
59465
59784
59834
59834
60549
60549
60549
60549
61267
61267
61267
61267
61985
61996
62720
62720
62720
62720
63437
64164
64164
64164
64164
64164
64164
64164
64164
64164
64851
65535
66254
66571
66571
67261
67261
67261
67261
67972
68683
68683
68683
68683
68683
68683
69401
70115
70115
70115
70115
70115
70828
70828
70828
71546
71546
71546
71546
72244
72402
72402
73120
73120
73132
73132
73843
74564
74564
74564
74880
75525
76243
76933
77598
77604
78322
79035
79035
79035
79756
79756
80456
81144
81144
81863
81863
81863
82575
83291
83291
83291
83997
83997
84696
84696
85400
85400
85400
85419
85419
85419
85419
85419
85419
86136
86872
87585
88295
89013
89736
90460
91185
91910
91910
92636
92636
93350
93350
94092
94092
94806
94806
94806
95552
95552
95552
95552
96265
96265
96981
96981
97560
97560
97563
97563
97563
98287
98287
98287
98973
99664
100372
101085
101085
101085
101090
101097
101097
101097
101097
101097
101097
101807
101807
102524
102524
102524
103255
103255
103881
104602
105315
105831
106521
107237
107941
107941
108614
108614
108614
108614
108614
109287
109287
109287
109287
110003
110003
110719
110719
110719
111436
111436
111436
111436
111436
112159
